[gd_scene load_steps=8 format=3 uid="uid://b75gkabc5dced"]

[ext_resource type="Script" uid="uid://e6hp1pc1vlye" path="res://Scripts/main.gd" id="1_v6g2j"]
[ext_resource type="Script" uid="uid://c4b4xlktkr66k" path="res://Scripts/camer_root.gd" id="2_2nknx"]
[ext_resource type="Script" uid="uid://cbwbu6lsmt1yc" path="res://Scripts/camera_pivot.gd" id="3_3ru78"]
[ext_resource type="PackedScene" uid="uid://cbmv4npl1nqu3" path="res://ass/cloud.glb" id="5_2nknx"]

[sub_resource type="ProceduralSkyMaterial" id="ProceduralSkyMaterial_wjvmw"]
sky_horizon_color = Color(0.662243, 0.671743, 0.686743, 1)
ground_horizon_color = Color(0.662243, 0.671743, 0.686743, 1)

[sub_resource type="Sky" id="Sky_q3g74"]
sky_material = SubResource("ProceduralSkyMaterial_wjvmw")

[sub_resource type="Environment" id="Environment_jkhue"]
background_mode = 2
sky = SubResource("Sky_q3g74")
tonemap_mode = 2
glow_enabled = true
fog_enabled = true
fog_sun_scatter = 0.5

[node name="Cloudy" type="Node3D"]
script = ExtResource("1_v6g2j")

[node name="WorldEnvironment" type="WorldEnvironment" parent="."]
environment = SubResource("Environment_jkhue")

[node name="CameraRoot" type="Node3D" parent="."]
visible = false
script = ExtResource("2_2nknx")

[node name="CameraPivot" type="Node3D" parent="CameraRoot"]
visible = false
script = ExtResource("3_3ru78")

[node name="Camera3D" type="Camera3D" parent="CameraRoot/CameraPivot"]
transform = Transform3D(1, 0, 0, 0, 1, 0, 0, 0, 1, 1.8052, 2.90875, 14.3863)
visible = false

[node name="DirectionalLight3D" type="DirectionalLight3D" parent="."]
transform = Transform3D(1, 0, 0, 0, 0.830878, 0.556455, 0, -0.556455, 0.830878, -10.252, 20.0656, 42.264)
light_energy = 5.0

[node name="cloud" parent="." instance=ExtResource("5_2nknx")]
transform = Transform3D(-6.99382e-08, 0, -1.6, 0, 1.6, 0, 1.6, 0, -6.99382e-08, -7.26263, 10.6991, 0.0372028)

[node name="cloud7" parent="." instance=ExtResource("5_2nknx")]
transform = Transform3D(-6.99382e-08, 0, -1.6, 0, 1.6, 0, 1.6, 0, -6.99382e-08, -6.56467, 8.19445, 3.91405)

[node name="cloud5" parent="." instance=ExtResource("5_2nknx")]
transform = Transform3D(-6.99382e-08, 0, -1.6, 0, 1.6, 0, 1.6, 0, -6.99382e-08, 4.03882, 9.28765, -0.0305862)

[node name="cloud3" parent="." instance=ExtResource("5_2nknx")]
transform = Transform3D(-4.37365e-08, -8.52318e-13, -1, -0.0339052, 0.999425, 1.48205e-09, 0.999425, 0.0339052, -4.37114e-08, -1.36844, 7.5473, -0.580378)

[node name="cloud8" parent="." instance=ExtResource("5_2nknx")]
transform = Transform3D(-4.37365e-08, -8.52318e-13, -1, -0.0339052, 0.999425, 1.48205e-09, 0.999425, 0.0339052, -4.37114e-08, 0.721795, 6.95346, 3.03276)

[node name="cloud4" parent="." instance=ExtResource("5_2nknx")]
transform = Transform3D(-5.68575e-08, -1.10801e-12, -1.3, -0.0440768, 1.29925, 1.92666e-09, 1.29925, 0.0440768, -5.68248e-08, -1.47413, 10.95, 0.0702019)

[node name="cloud6" parent="." instance=ExtResource("5_2nknx")]
transform = Transform3D(-5.68575e-08, -1.10801e-12, -1.3, -0.0440768, 1.29925, 1.92666e-09, 1.29925, 0.0440768, -5.68248e-08, -1.97969, 9.8756, 3.77926)

[node name="cloud2" parent="." instance=ExtResource("5_2nknx")]
transform = Transform3D(-5.68248e-08, 0, -1.3, 0, 1.3, 0, 1.3, 0, -5.68248e-08, -8.73753, 8.22518, -0.226191)

[node name="cloud9" parent="." instance=ExtResource("5_2nknx")]
transform = Transform3D(-5.68248e-08, 0, -1.3, 0, 1.3, 0, 1.3, 0, -5.68248e-08, 5.44614, 7.71371, 2.87095)
